------------
Topic 4 (1119 tokens)
------------
0.04872	55.00000	0.01000	camp
0.03278	37.00000	0.01000	training
0.03012	34.00000	0.01000	music
0.02658	30.00000	0.01000	stewart
0.02392	27.00000	0.01000	musical
0.02127	24.00000	0.01000	john
0.01950	22.00000	0.01000	love
0.01950	22.00000	0.01000	song
0.01772	20.00000	0.01000	robert
0.01772	20.00000	0.01000	world
0.01684	19.00000	0.01000	played
0.01684	19.00000	0.01000	theatre
0.01684	19.00000	0.01000	featured
0.01507	17.00000	0.01000	ace
0.01507	17.00000	0.01000	recorded
0.01418	16.00000	0.01000	father
0.01329	15.00000	0.01000	danny
0.01329	15.00000	0.01000	shows
0.01241	14.00000	0.01000	elizabeth
0.01241	14.00000	0.01000	charlie
0.01241	14.00000	0.01000	book
0.01241	14.00000	0.01000	san
0.01152	13.00000	0.01000	production
0.01152	13.00000	0.01000	division
0.01064	12.00000	0.01000	mother
0.01064	12.00000	0.01000	cast
0.00887	10.00000	0.01000	assigned
0.00798	9.00000	0.01000	ruth
0.00798	9.00000	0.01000	hall
0.00798	9.00000	0.01000	design
0.00798	9.00000	0.01000	directed
0.00798	9.00000	0.01000	tony
0.00709	8.00000	0.01000	flying
0.00621	7.00000	0.01000	scott
0.00621	7.00000	0.01000	famous
0.00621	7.00000	0.01000	series
0.00621	7.00000	0.01000	lasted
0.00621	7.00000	0.01000	texas
0.00621	7.00000	0.01000	lyrics
0.00621	7.00000	0.01000	greg
0.00621	7.00000	0.01000	knew
0.00621	7.00000	0.01000	hill
0.00621	7.00000	0.01000	starred
0.00532	6.00000	0.01000	louis
0.00532	6.00000	0.01000	pearl
0.00532	6.00000	0.01000	twelve
0.00532	6.00000	0.01000	play
0.00532	6.00000	0.01000	festival
0.00532	6.00000	0.01000	renamed
0.00532	6.00000	0.01000	success
------------
Topic 0 (4318 tokens)
------------
0.05083	220.00000	0.01000	one
0.03859	167.00000	0.01000	also
0.03027	131.00000	0.01000	used
0.02265	98.00000	0.01000	two
0.02241	97.00000	0.01000	many
0.01941	84.00000	0.01000	time
0.01826	79.00000	0.01000	known
0.01802	78.00000	0.01000	well
0.01410	61.00000	0.01000	another
0.01410	61.00000	0.01000	due
0.01363	59.00000	0.01000	number
0.01340	58.00000	0.01000	long
0.01340	58.00000	0.01000	include
0.01248	54.00000	0.01000	could
0.01248	54.00000	0.01000	air
0.01225	53.00000	0.01000	different
0.01225	53.00000	0.01000	series
0.01063	46.00000	0.01000	several
0.01063	46.00000	0.01000	large
0.00994	43.00000	0.01000	made
0.00971	42.00000	0.01000	found
0.00924	40.00000	0.01000	four
0.00901	39.00000	0.01000	back
0.00901	39.00000	0.01000	point
0.00878	38.00000	0.01000	old
0.00855	37.00000	0.01000	make
0.00832	36.00000	0.01000	early
0.00832	36.00000	0.01000	based
0.00809	35.00000	0.01000	high
0.00786	34.00000	0.01000	though
0.00740	32.00000	0.01000	way
0.00740	32.00000	0.01000	taken
0.00740	32.00000	0.01000	modern
0.00716	31.00000	0.01000	world
0.00716	31.00000	0.01000	name
0.00716	31.00000	0.01000	took
0.00693	30.00000	0.01000	three
0.00693	30.00000	0.01000	show
0.00670	29.00000	0.01000	model
0.00647	28.00000	0.01000	new
0.00624	27.00000	0.01000	open
0.00624	27.00000	0.01000	n't
0.00624	27.00000	0.01000	never
0.00578	25.00000	0.01000	letters
0.00578	25.00000	0.01000	book
0.00578	25.00000	0.01000	set
0.00555	24.00000	0.01000	occurs
0.00532	23.00000	0.01000	seen
0.00509	22.00000	0.01000	original
0.00509	22.00000	0.01000	followed
------------
Topic 2 (1574 tokens)
------------
0.06503	103.00000	0.01000	game
0.05493	87.00000	0.01000	forest
0.05367	85.00000	0.01000	team
0.03978	63.00000	0.01000	national
0.03725	59.00000	0.01000	played
0.03031	48.00000	0.01000	games
0.02842	45.00000	0.01000	service
0.02021	32.00000	0.01000	professional
0.01895	30.00000	0.01000	cup
0.01831	29.00000	0.01000	play
0.01705	27.00000	0.01000	club
0.01516	24.00000	0.01000	second
0.01200	19.00000	0.01000	world
0.01200	19.00000	0.01000	rugby
0.01200	19.00000	0.01000	players
0.01074	17.00000	0.01000	college
0.01011	16.00000	0.01000	baseball
0.01011	16.00000	0.01000	round
0.01011	16.00000	0.01000	points
0.01011	16.00000	0.01000	championship
0.01011	16.00000	0.01000	winning
0.00948	15.00000	0.01000	major
0.00884	14.00000	0.01000	race
0.00821	13.00000	0.01000	runs
0.00821	13.00000	0.01000	competition
0.00821	13.00000	0.01000	2012
0.00821	13.00000	0.01000	speedway
0.00821	13.00000	0.01000	2002
0.00758	12.00000	0.01000	championships
0.00758	12.00000	0.01000	top
0.00758	12.00000	0.01000	scored
0.00695	11.00000	0.01000	chicago
0.00695	11.00000	0.01000	figure
0.00695	11.00000	0.01000	competed
0.00695	11.00000	0.01000	track
0.00695	11.00000	0.01000	moved
0.00695	11.00000	0.01000	tournament
0.00695	11.00000	0.01000	basketball
0.00632	10.00000	0.01000	skating
0.00632	10.00000	0.01000	olympics
0.00569	9.00000	0.01000	team.
0.00569	9.00000	0.01000	nation
0.00569	9.00000	0.01000	jr.
0.00569	9.00000	0.01000	teams
0.00569	9.00000	0.01000	division
0.00569	9.00000	0.01000	rounds
0.00506	8.00000	0.01000	motor
0.00506	8.00000	0.01000	position
0.00506	8.00000	0.01000	office
0.00506	8.00000	0.01000	1994
------------
Topic 3 (5321 tokens)
------------
0.02870	153.00000	0.01000	new
0.02701	144.00000	0.01000	also
0.02420	129.00000	0.01000	would
0.02120	113.00000	0.01000	born
0.02082	111.00000	0.01000	school
0.01782	95.00000	0.01000	university
0.01763	94.00000	0.01000	national
0.01651	88.00000	0.01000	member
0.01501	80.00000	0.01000	two
0.01463	78.00000	0.01000	one
0.01295	69.00000	0.01000	october
0.01276	68.00000	0.01000	september
0.01182	63.00000	0.01000	life
0.01051	56.00000	0.01000	best
0.01032	55.00000	0.01000	august
0.01032	55.00000	0.01000	high
0.01013	54.00000	0.01000	made
0.01013	54.00000	0.01000	november
0.01013	54.00000	0.01000	house
0.00957	51.00000	0.01000	second
0.00919	49.00000	0.01000	reported
0.00901	48.00000	0.01000	time
0.00901	48.00000	0.01000	joined
0.00882	47.00000	0.01000	served
0.00882	47.00000	0.01000	received
0.00863	46.00000	0.01000	currently
0.00863	46.00000	0.01000	many
0.00863	46.00000	0.01000	early
0.00844	45.00000	0.01000	international
0.00844	45.00000	0.01000	home
0.00826	44.00000	0.01000	2008
0.00826	44.00000	0.01000	several
0.00826	44.00000	0.01000	three
0.00807	43.00000	0.01000	began
0.00807	43.00000	0.01000	january
0.00807	43.00000	0.01000	john
0.00769	41.00000	0.01000	2007
0.00769	41.00000	0.01000	four
0.00751	40.00000	0.01000	july
0.00732	39.00000	0.01000	march
0.00732	39.00000	0.01000	place
0.00713	38.00000	0.01000	association
0.00713	38.00000	0.01000	california
0.00713	38.00000	0.01000	2006
0.00713	38.00000	0.01000	former
0.00657	35.00000	0.01000	day
0.00638	34.00000	0.01000	started
0.00638	34.00000	0.01000	political
0.00619	33.00000	0.01000	2005
0.00619	33.00000	0.01000	moved
------------
Topic 1 (1498 tokens)
------------
0.04775	72.00000	0.01000	village
0.03847	58.00000	0.01000	white
0.03051	46.00000	0.01000	county
0.02985	45.00000	0.01000	species
0.02852	43.00000	0.01000	st.
0.02719	41.00000	0.01000	south
0.02719	41.00000	0.01000	family
0.02454	37.00000	0.01000	new
0.02454	37.00000	0.01000	also
0.02322	35.00000	0.01000	road
0.02255	34.00000	0.01000	central
0.02056	31.00000	0.01000	built
0.01990	30.00000	0.01000	church
0.01990	30.00000	0.01000	known
0.01857	28.00000	0.01000	park
0.01791	27.00000	0.01000	roman
0.01725	26.00000	0.01000	per
0.01658	25.00000	0.01000	name
0.01526	23.00000	0.01000	parish
0.01194	18.00000	0.01000	average
0.01194	18.00000	0.01000	regional
0.01128	17.00000	0.01000	two
0.01128	17.00000	0.01000	eastern
0.01128	17.00000	0.01000	light
0.01062	16.00000	0.01000	missouri
0.01062	16.00000	0.01000	york
0.01062	16.00000	0.01000	major
0.00995	15.00000	0.01000	near
0.00929	14.00000	0.01000	approximately
0.00929	14.00000	0.01000	large
0.00929	14.00000	0.01000	australia
0.00929	14.00000	0.01000	victoria
0.00863	13.00000	0.01000	act
0.00863	13.00000	0.01000	total
0.00796	12.00000	0.01000	bishop
0.00796	12.00000	0.01000	served
0.00796	12.00000	0.01000	bath
0.00796	12.00000	0.01000	area.
0.00796	12.00000	0.01000	base
0.00796	12.00000	0.01000	communities
0.00730	11.00000	0.01000	via
0.00730	11.00000	0.01000	described
0.00730	11.00000	0.01000	mary
0.00730	11.00000	0.01000	former
0.00730	11.00000	0.01000	club
0.00664	10.00000	0.01000	ranges
0.00664	10.00000	0.01000	made
0.00664	10.00000	0.01000	famous
0.00664	10.00000	0.01000	metres
0.00597	9.00000	0.01000	found
